     1        0   129600   0.000
     2    29358   129600   0.020
     3    58715   131111   0.040
     4    88072   133456   0.060
     5   117429   135745   0.080
     6   146786   135745   0.100
     7   176143   138256   0.120
     8   205500   140859   0.140
     9   234857   143551   0.160
    10   264214   146410   0.180
    11   293571   146410   0.200
    12   322928   149208   0.220
    13   352285   152142   0.240
    14   381642   155157   0.260
    15   410999   158120   0.280
    16   440356   158120   0.300
    17   469713   161180   0.320
    18   499070   164329   0.340
    19   528427   167494   0.360
    20   557784   170590   0.380
    21   587141   170590   0.400
    22   616498   173731   0.420
    23   645855   176913   0.440
    24   675212   180081   0.460
    25   704569   183267   0.480
    26   733926   183267   0.500
    27   763283   186543   0.520
    28   792640   189816   0.540
    29   821997   193031   0.560
    30   851354   196269   0.580
    31   880711   196269   0.600
    32   910068   199515   0.620
    33   939425   202896   0.640
    34   968782   206137   0.660
    35   998139   209499   0.680
    36  1027496   209499   0.700
    37  1056853   212847   0.720
    38  1086210   216143   0.740
    39  1115567   219533   0.760
    40  1144924   222858   0.780
    41  1174281   222858   0.800
    42  1203638   226370   0.820
    43  1232995   229852   0.840
    44  1262352   233244   0.860
    45  1291709   236627   0.880
    46  1321066   236627   0.900
    47  1350423   239981   0.920
    48  1379780   243523   0.940
    49  1409137   246952   0.960
    50  1438494   250234   0.980
    51  1467851   250234   1.000
    52  1497208   253582   1.020
    53  1526565   256939   1.040
    54  1555922   260475   1.060
    55  1585279   263847   1.080
    56  1614636   263847   1.100
    57  1643993   267315   1.120
    58  1673350   270698   1.140
    59  1702707   274055   1.160
    60  1732064   277618   1.180
    61  1761421   277618   1.200
    62  1790778   281012   1.220
    63  1820135   284402   1.240
    64  1849492   287840   1.260
    65  1878849   291086   1.280
    66  1908206   291086   1.300
    67  1937563   294717   1.320
    68  1966920   298154   1.340
    69  1996277   301537   1.360
    70  2025634   304812   1.380
    71  2054991   304812   1.400
    72  2084348   308216   1.420
    73  2113705   311758   1.440
    74  2143062   315137   1.460
    75  2172419   318639   1.480
    76  2201776   318639   1.500
    77  2231133   322030   1.520
    78  2260490   325346   1.540
    79  2289847   328868   1.560
    80  2319204   332225   1.580
    81  2348561   332225   1.600
    82  2377918   335610   1.620
    83  2407275   338948   1.640
    84  2436632   342468   1.660
    85  2465989   346078   1.680
    86  2495346   346078   1.700
    87  2524703   349493   1.720
    88  2554060   352873   1.740
    89  2583417   356180   1.760
    90  2612774   359553   1.780
    91  2642131   359553   1.800
    92  2671488   363166   1.820
    93  2700845   366589   1.840
    94  2730202   369918   1.860
    95  2759559   373343   1.880
    96  2788916   373343   1.900
    97  2818273   376646   1.920
    98  2847630   380243   1.940
    99  2876987   383663   1.960
   100  2906344   387028   1.980
   101  2935701   387028   2.000
